# MatrixMultiplication
multithreading, JavaFX

Input matrix A:

 1.000  2.000  3.000  4.000
 5.000  6.000  7.000  8.000
 9.000 10.000 11.000 12.000
13.000 14.000 15.000 16.000

Input matrix B:

17.000 18.000 19.000 20.000
21.000 22.000 23.000 24.000
25.000 26.000 27.000 28.000
29.000 30.000 31.000 32.000

Matrix product A*B

 250.000  260.000  270.000  280.000
 618.000  644.000  670.000  696.000
 986.000 1028.000 1070.000 1112.000
1354.000 1412.000 1470.000 1528.000
